2 3 4 8 12 16 20 24 25 27 28 30 32 34 35 36 37 38 42 46 48 57 63 68 69 71 74 75 76 77 78 79 80 82 87 89 91 94 97 98 102 103 104 108 114 115 117 118 119 121 123 127 131 135 138 142 145 148 156 158 163 165 166 167 168 169 173 175 178 180 181 183 191 192 193 194 196 197 198 98
1 130 131 4 133 5 135 139 140 142 143 145 17 148 149 21 22 152 26 157 158 159 32 161 162 166 167 38 42 172 175 180 181 183 56 184 188 61 192 195 68 197 70 200 72 82 86 87 89 90 105 109 110 112 116 119 120 127 81
128 130 131 135 8 142 15 16 23 152 25 26 27 157 31 161 33 163 164 38 41 45 46 176 178 51 179 181 54 182 184 185 53 60 189 62 191 66 195 69 70 199 200 75 78 81 82 86 88 93 97 98 100 104 106 109 115 119 123 127 40
1 4 5 133 6 138 140 141 143 146 148 26 156 32 38 39 40 47 178 179 53 54 183 56 184 186 58 61 190 192 195 73 76 84 87 89 93 94 98 103 104 112 114 116 117 120 122 124 50
132 133 136 139 141 142 18 148 149 150 25 26 155 29 31 160 34 164 167 42 171 45 49 177 179 50 184 57 187 63 199 76 77 81 85 89 92 101 107 108 115 119 123 124 28
1 3 4 6 7 8 134 136 135 140 143 145 146 148 149 22 23 155 28 156 158 31 33 36 164 39 168 167 170 169 174 48 177 179 180 51 182 55 184 57 187 61 190 191 192 193 66 67 68 197 198 73 75 82 84 95 96 98 101 103 105 111 112 116 118 121 122 126 6
6 134 135 9 137 140 141 14 143 15 145 13 19 147 149 150 152 26 155 156 29 158 31 28 27 34 35 164 37 38 167 170 171 174 47 50 51 52 179 54 183 56 186 59 187 190 63 64 193 194 195 67 198 199 71 73 74 75 78 80 82 84 87 88 89 91 97 100 103 112 113 119 124 125 127 92
1 3 140 142 14 16 147 28 158 161 170 46 176 181 53 185 57 190 62 197 74 97 105 106 118 61
129 130 131 132 135 7 137 12 142 15 144 147 21 149 152 153 29 30 31 159 162 37 166 172 177 53 54 57 186 63 192 65 195 67 70 198 72 74 75 77 81 85 91 96 100 102 107 120 126 100
97 66 67 38 41 44 46 179 20 149 153 94 83
128 130 133 135 136 137 139 140 12 142 14 16 18 148 21 150 22 152 153 25 24 30 33 164 37 38 167 168 40 42 172 48 177 176 54 186 187 59 189 62 63 192 65 195 68 67 197 72 82 84 86 88 89 90 92 94 96 97 98 101 103 105 107 108 109 113 117 118 123 124 126 29
129 1 5 135 8 10 139 12 13 17 18 19 20 21 146 25 31 160 36 38 42 43 170 179 53 182 183 63 191 194 70 73 97 113 114 116 5
129 2 132 5 6 136 8 10 142 143 145 17 147 20 21 23 151 24 26 155 28 160 33 37 165 40 41 44 173 174 45 176 50 51 52 53 55 60 64 193 195 197 69 200 74 79 81 84 85 92 93 95 99 101 102 103 109 113 118 120 122 125 13
128 2 4 132 6 7 133 137 11 12 144 19 148 24 26 155 29 157 159 160 32 161 35 36 38 44 49 52 55 184 185 187 59 61 190 63 192 65 194 67 196 197 68 200 73 75 78 79 80 85 91 92 113 114 117 118 123 124 52
161 163 4 102 106 44 77 114 21 152 26 9
131 4 133 135 138 14 17 19 148 150 155 158 168 43 172 44 174 177 57 189 199 77 81 82 83 86 93 96 99 101 104 111 118 120 126 127 17
1 3 4 132 133 8 138 142 143 17 147 20 151 24 154 28 30 159 38 43 172 46 176 49 57 61 193 69 197 198 72 76 77 81 83 88 89 90 91 92 94 95 96 100 101 105 107 111 118 120 121 123 124 125 61
128 1 67 165 135 43 173 142 175 16 49 50 19
1 3 132 133 6 7 10 12 152 24 29 158 34 35 38 167 168 166 172 174 50 178 180 181 54 179 184 58 61 190 191 64 63 193 68 70 71 74 83 88 93 99 107 111 121 126 127 48
128 129 131 133 134 27 137 10 11 139 141 17 18 147 146 22 151 153 154 26 28 155 30 25 160 33 162 34 163 165 166 39 167 169 44 175 176 49 177 51 52 54 55 57 58 187 63 193 67 68 200 75 83 85 87 88 89 90 92 98 102 104 106 109 110 111 112 113 114 116 121 123 124 126 55
