128 132 8 9 138 10 12 13 14 142 17 145 147 19 25 154 27 156 157 158 160 161 163 37 167 168 43 44 177 50 179 180 53 182 183 56 184 181 61 191 192 65 195 68 197 72 73 74 85 86 87 90 94 97 98 103 104 105 110 112 116 120 125 76
1 2 3 6 7 21 24 26 27 28 29 30 32 33 34 35 37 39 41 44 47 48 49 51 54 55 58 61 65 69 71 75 76 79 81 84 85 86 87 88 90 91 94 97 98 100 104 105 106 108 109 111 112 117 125 126 127 131 133 134 137 138 140 141 144 148 159 163 169 170 175 176 177 179 180 183 185 192 193 194 200 84
128 2 3 131 5 6 132 137 12 13 14 17 18 19 149 22 24 25 155 28 29 158 159 160 33 31 35 36 163 167 169 171 43 174 176 177 51 179 182 55 184 56 58 59 188 61 187 64 193 67 69 197 71 72 74 76 77 78 86 92 100 102 108 110 115 121 122 126 38
3 5 134 135 139 140 14 17 18 146 20 148 150 151 25 155 156 157 158 31 30 29 34 36 37 166 167 168 41 171 44 173 48 49 178 51 179 53 182 180 52 56 60 62 190 64 63 193 195 192 197 69 71 72 75 77 79 82 84 85 88 89 91 94 95 97 107 109 111 114 118 119 123 125 126 92
129 130 1 4 5 3 10 139 140 14 143 15 17 146 19 148 21 22 23 152 26 155 28 157 154 31 32 34 36 167 40 43 174 175 49 50 177 53 182 181 56 187 62 192 65 69 72 73 81 83 85 89 96 98 103 106 107 114 115 119 123 125 83
129 2 132 179 135 7 11 140 143 18 19 20 150 22 24 25 26 27 156 28 158 159 31 33 34 163 164 37 166 167 41 171 44 174 176 50 51 178 181 182 55 56 185 186 187 60 189 64 195 198 199 73 79 80 81 85 86 89 90 95 96 100 102 106 108 109 111 113 117 123 124 125 126 127 14
128 129 130 5 6 135 136 137 10 139 133 141 14 15 16 145 144 150 151 152 23 154 27 22 155 30 33 162 34 164 165 38 168 44 173 46 175 176 177 49 179 174 53 54 55 184 187 62 63 191 65 194 70 198 74 83 84 92 94 95 96 102 107 108 111 118 121 122 123 126 25
1 129 3 131 56 6 135 9 10 139 12 13 143 145 18 147 20 149 22 151 146 25 150 155 156 24 30 159 26 33 162 163 164 36 160 39 42 171 172 45 179 52 53 181 184 57 185 58 60 61 62 63 64 65 194 59 68 69 192 199 74 75 78 80 83 90 92 93 95 101 107 110 114 121 126 127 21
1 8 10 139 13 14 17 23 152 155 28 158 160 163 37 38 167 40 165 172 45 46 47 173 177 175 178 180 184 57 56 189 191 67 68 199 200 77 78 98 101 103 112 115 117 119 122 70
2 3 4 5 9 10 11 13 15 17 24 26 27 28 30 32 35 36 37 40 41 43 44 45 48 50 51 53 56 57 59 64 66 70 74 75 77 82 88 90 93 94 96 102 103 104 108 109 117 119 121 122 123 124 125 131 132 135 136 138 139 141 142 147 157 160 163 170 171 175 176 177 179 180 181 185 186 188 190 191 192 194 195 196 197 52
1 4 5 134 7 8 137 9 15 146 147 148 21 149 152 156 29 158 30 37 165 39 41 169 42 49 182 55 184 58 59 62 192 193 66 71 74 77 79 81 82 83 85 86 97 98 100 101 102 105 106 107 108 109 110 115 116 117 119 122 36
1 130 131 132 6 135 134 137 12 14 142 17 18 148 21 23 24 28 158 30 32 160 34 35 164 33 38 41 169 43 172 173 174 45 49 178 179 52 181 183 55 189 190 193 68 196 70 71 200 69 73 75 77 81 82 83 85 86 90 92 93 103 104 109 110 112 113 115 118 122 123 124 52
3 5 9 13 14 17 20 22 27 30 31 37 38 41 44 59 61 62 63 65 67 69 70 72 74 76 79 82 84 86 87 89 90 91 92 97 101 104 106 108 110 111 113 114 115 116 120 121 122 125 127 129 130 131 132 133 134 135 137 140 142 143 144 145 146 150 153 154 160 161 162 164 165 176 177 178 184 185 189 197 198 79
128 1 130 2 132 134 136 9 138 139 12 141 11 143 14 142 10 147 27 156 158 32 161 162 166 39 41 170 43 175 47 49 177 178 48 56 57 58 185 59 191 64 193 67 71 79 82 88 91 96 99 100 105 106 108 110 111 119 120 125 18
128 132 4 136 138 10 15 16 147 21 149 23 151 153 26 155 27 32 162 34 35 38 40 169 172 45 175 177 179 180 54 55 184 56 58 187 60 62 193 195 196 198 200 72 73 75 77 89 90 92 93 94 95 96 100 104 106 109 111 114 115 124 71
128 1 130 131 129 133 6 136 137 9 138 140 142 143 144 15 18 146 148 149 151 23 152 26 156 157 30 159 160 161 162 33 35 43 171 46 47 177 50 49 52 182 55 56 184 183 189 191 64 192 65 68 198 71 74 75 82 88 90 91 92 95 96 102 104 105 107 121 123 127 49
1 2 3 9 11 14 143 16 145 18 19 149 151 25 155 29 31 159 33 36 37 165 38 39 41 164 43 44 173 48 178 180 53 182 185 186 59 60 58 62 191 188 65 66 63 196 198 71 72 81 84 87 94 95 96 98 100 101 104 108 116 117 118 119 120 121 126 127 1
2 4 6 9 12 14 15 17 24 26 27 28 37 38 41 44 45 46 47 48 53 56 60 61 63 66 69 73 77 80 81 84 86 90 93 97 100 103 104 108 109 114 115 116 117 118 119 122 126 132 133 135 136 138 141 144 147 148 150 152 153 157 158 159 160 161 163 169 176 177 178 186 187 188 190 191 194 198 199 71
1 2 131 130 9 11 139 12 144 18 20 149 150 151 23 24 26 155 29 30 159 160 161 34 164 36 168 169 41 171 172 44 46 47 175 179 180 54 55 185 187 61 189 191 193 194 67 197 74 82 84 85 86 87 88 90 98 100 105 107 109 112 116 121 124 125 126 30
129 2 131 8 9 141 15 143 145 147 19 21 150 151 24 22 26 28 30 31 158 34 35 164 165 166 41 170 45 46 175 47 48 178 51 180 52 182 183 56 53 58 185 60 188 190 191 192 193 66 195 65 197 70 71 199 76 86 87 89 92 93 96 101 102 103 105 108 109 114 116 118 119 121 122 67
