128 131 4 136 9 10 11 14 146 19 149 22 24 153 154 30 34 164 166 168 41 169 171 172 173 49 178 179 180 181 54 184 185 189 62 192 193 194 200 74 77 78 80 81 83 84 85 86 91 92 93 96 98 99 103 110 113 114 121 123 125 74
1 130 7 136 138 13 141 15 143 142 146 147 144 20 22 153 155 156 158 31 30 32 35 164 38 39 40 41 42 43 174 178 51 180 181 182 184 186 187 188 60 62 189 64 193 195 198 70 72 75 76 81 85 90 91 92 94 97 99 101 102 104 106 110 114 116 123 125 83
128 130 3 4 133 6 8 137 11 12 141 143 15 145 146 19 148 18 20 21 24 154 29 31 36 39 40 43 44 173 47 179 184 57 185 56 58 189 192 65 194 196 198 72 73 76 77 83 86 90 93 94 97 99 100 101 102 103 104 105 106 115 116 119 120 121 122 67
1 3 132 8 11 13 143 144 17 146 19 20 148 16 21 153 155 27 158 30 162 163 164 165 43 46 47 176 49 179 51 53 183 57 188 190 64 192 65 68 197 199 74 75 76 78 79 82 83 86 91 93 96 98 100 103 107 113 116 121 123 74
128 1 129 5 6 7 8 137 135 9 138 15 16 146 147 150 22 152 153 156 157 30 31 159 33 158 163 162 39 42 171 44 47 176 177 175 53 55 56 57 187 61 189 190 192 67 196 69 198 199 74 75 77 81 87 92 93 96 97 99 103 104 105 106 111 112 113 115 116 117 118 124 125 126 127 61
130 131 137 140 141 142 144 19 147 149 22 23 30 161 162 34 39 170 46 176 177 50 52 53 58 187 189 190 71 78 79 80 84 85 87 88 91 96 100 101 102 107 110 114 119 126 37
128 131 134 9 138 15 17 146 20 149 34 163 165 168 172 46 50 178 55 186 187 60 189 63 194 68 69 70 75 84 86 89 90 98 99 109 111 113 117 119 35
2 131 133 134 6 135 9 140 144 19 147 22 23 25 157 30 159 36 37 164 39 41 43 45 49 51 179 180 53 57 58 60 62 191 65 194 68 69 198 71 200 75 76 81 82 92 93 95 105 117 118 120 121 127 31
128 1 129 4 7 136 9 138 10 12 140 13 15 16 148 20 22 151 23 25 152 155 28 157 156 29 158 33 161 159 163 37 30 39 167 166 36 171 34 173 174 47 48 49 179 180 182 183 184 186 187 61 190 64 65 193 68 199 72 73 74 76 80 82 86 89 96 97 98 99 106 110 121 123 126 3
130 7 136 9 135 12 13 141 143 16 14 146 19 18 149 150 24 154 29 32 162 36 38 39 166 169 172 45 175 47 50 179 180 53 56 57 58 184 60 62 190 66 71 73 75 82 84 87 92 101 106 108 110 113 120 125 77
130 2 5 6 9 142 15 144 146 20 150 23 26 27 28 29 30 155 161 36 165 38 164 168 41 47 176 177 54 186 188 61 62 65 199 78 79 80 81 87 88 91 92 96 97 107 108 111 114 121 126 82
131 3 8 136 138 14 15 143 150 152 25 26 27 156 157 30 31 159 153 34 36 37 40 170 171 45 178 180 60 61 63 191 65 194 195 199 73 81 97 107 110 114 116 119 120 125 126 34
130 3 131 5 6 136 137 9 139 138 13 143 18 19 148 149 153 26 155 154 29 31 161 163 164 36 40 43 171 45 46 47 49 180 181 53 183 184 185 54 60 61 192 194 196 69 70 73 75 77 81 86 88 90 97 99 102 103 106 107 108 110 117 118 121 122 125 19
129 9 11 22 155 27 32 162 36 167 171 44 46 49 50 178 179 180 185 59 61 63 66 68 198 199 72 96 110 111 114 121 127 53
132 15 18 22 164 168 174 47 57 186 190 191 65 71 75 76 78 88 95 98 113 119 123 77
128 130 131 3 4 6 135 136 11 140 16 146 147 25 27 157 30 159 32 34 163 162 37 41 169 44 45 173 176 177 178 179 51 53 182 54 59 61 62 65 193 194 67 71 75 76 83 84 90 91 93 95 96 98 101 113 115 120 122 124 125 126 85
2 10 14 16 17 21 22 23 24 25 26 28 29 36 38 39 45 48 49 52 53 54 55 57 58 60 63 64 69 75 76 78 82 84 90 95 96 97 98 99 103 106 109 111 112 113 116 117 119 120 122 125 132 133 139 140 141 143 146 148 151 152 157 159 164 167 169 173 176 178 181 184 187 190 191 195 198 199 8
160 193 33 132 4 106 78 15 80 19 21 26 27 86
2 130 11 13 20 21 150 24 25 26 30 158 160 161 35 165 166 168 43 171 47 48 49 184 61 190 193 197 72 200 76 78 83 84 88 91 104 112 113 114 120 27
2 131 135 8 11 13 18 148 20 150 24 28 156 157 159 32 30 35 36 166 39 167 46 174 50 180 181 182 55 183 186 59 61 62 63 192 65 194 195 68 196 198 75 77 79 80 91 94 103 106 110 111 118 119 122 123 126 127 1
3 10 140 143 23 152 151 29 171 172 173 44 176 53 185 60 189 63 191 194 67 72 74 77 78 84 85 86 94 104 108 113 118 86
192 33 133 199 85 150 99
128 2 131 133 5 135 8 139 140 13 141 15 143 17 146 19 145 149 21 150 24 25 152 29 158 160 161 34 35 164 36 167 168 40 170 43 172 46 48 53 54 55 183 57 58 187 60 192 193 194 65 196 199 73 74 79 80 81 83 85 90 92 96 98 99 102 106 108 111 115 118 122 70
8 136 10 140 141 15 148 21 22 156 32 43 44 180 185 194 67 196 197 198 199 88 92 101 102 105 108 111 112 113 114 64
129 1 131 132 3 5 135 9 11 140 14 144 17 149 151 152 24 27 158 159 163 164 38 166 168 42 170 44 45 175 177 51 180 53 181 55 183 186 59 188 189 62 190 64 60 66 191 196 69 70 200 73 74 87 90 96 97 101 102 110 115 116 122 125 4
128 131 9 21 150 149 152 25 26 30 159 32 172 49 178 179 58 187 60 71 84 120 18
193 65 195 5 70 105 46 84 181 120 121 92 190 16
128 3 4 144 153 154 162 163 35 178 180 52 57 61 189 62 69 200 81 87 89 90 101 116 117 53
4 5 134 9 141 24 32 161 33 163 37 165 172 56 186 188 60 194 67 86 88 98 108 110 49
137 9 146 147 153 154 35 36 175 183 185 187 61 193 194 69 199 76 78 118 69
