128 131 133 6 8 15 16 17 152 26 30 46 48 177 54 55 56 184 185 63 64 192 194 193 69 198 72 75 76 81 88 92 103 107 112 116 127 89
132 70 167 135 41 45 178 52 182 5
135 7 9 139 12 14 145 18 147 149 21 23 150 153 27 31 161 163 36 35 165 166 168 40 169 164 44 45 173 42 39 50 179 178 181 183 184 187 60 190 67 195 197 79 82 84 88 89 92 102 107 109 110 115 117 121 124 45
11 150 158 162 37 39 42 175 51 52 53 182 54 187 62 64 193 71 85 86 97 104 109 116 117 119 124 125 65
160 191 35 36 198 76 120 47 144 179 150 24 121 92 31 62
128 2 4 9 139 12 13 143 16 145 146 147 17 21 150 149 25 26 155 159 32 164 165 38 39 168 170 42 171 45 174 49 179 51 186 60 191 64 194 67 198 199 78 85 86 92 95 105 108 109 117 118 120 121 123 124 125 33
128 1 131 4 6 134 136 8 9 139 141 15 143 145 18 146 20 23 153 27 155 157 159 160 161 162 32 38 40 168 42 169 173 45 175 48 52 53 185 186 58 189 190 62 64 191 192 195 67 196 198 199 70 73 74 77 82 83 89 90 94 96 97 101 103 105 114 115 116 120 123 125 127 29
128 132 4 6 137 11 13 143 144 17 146 19 149 23 151 25 154 26 24 29 152 159 30 33 153 35 36 161 166 167 168 169 41 170 44 45 174 46 48 175 178 51 180 53 183 56 55 58 57 60 187 62 191 192 66 196 197 199 74 78 81 86 87 91 97 99 101 103 104 109 117 118 121 123 127 48
2 3 8 9 11 14 17 25 26 27 28 31 32 33 35 36 37 39 41 42 43 45 46 50 55 56 57 58 60 66 68 71 74 75 78 79 84 91 92 94 98 99 105 108 109 110 115 118 120 122 125 126 129 130 133 134 135 137 138 141 142 143 146 148 151 152 154 157 161 172 178 184 187 188 190 194 195 199 200 33
4 5 11 141 19 148 149 22 153 154 26 155 156 28 25 165 166 39 40 172 45 46 49 50 53 182 183 56 55 186 189 62 197 78 96 97 98 105 107 108 110 114 115 117 81
129 136 142 20 153 39 41 42 43 173 45 176 48 57 191 64 193 66 195 67 199 200 84 96 98 105 106 111 113 127 13
2 3 132 5 6 7 9 139 140 16 144 146 148 20 22 24 157 158 159 161 36 167 168 41 40 172 45 46 174 48 49 50 179 184 57 58 60 61 190 65 193 195 69 198 72 74 78 79 84 86 88 89 91 97 102 103 104 105 111 113 114 115 117 120 124 20
128 2 133 134 143 16 145 18 19 147 23 24 25 153 30 159 160 33 162 163 34 165 166 168 171 173 174 45 50 51 179 178 54 183 182 185 58 57 188 184 190 191 63 198 199 78 80 81 82 83 86 87 94 96 99 107 108 110 111 112 116 117 118 123 124 28
131 138 16 151 152 154 155 164 39 186 187 189 63 196 70 199 200 73 77 80 89 93 123 125 96
2 130 136 11 12 15 19 20 22 151 152 158 30 167 43 171 176 49 177 55 59 187 61 190 196 199 74 77 86 87 92 105 106 113 120 2
1 3 4 8 9 15 18 20 23 26 28 30 33 35 38 43 45 48 49 51 52 54 56 58 60 61 63 65 73 76 77 82 85 89 90 92 93 94 95 96 98 100 105 107 109 112 113 118 119 123 125 126 127 128 131 133 134 135 141 143 144 145 147 148 152 153 154 155 159 163 165 166 167 169 173 185 187 189 190 193 197 199 200 14
160 163 36 5 198 199 27 70 74 173 78 110 80 21 155 61 47
67 70 104 72 13 15 55 90 92 9
3 4 5 7 15 16 21 24 30 42 43 45 47 49 51 53 54 60 62 64 65 66 68 69 70 80 81 83 85 88 91 95 96 97 99 102 103 104 105 107 109 110 116 118 119 120 122 125 134 137 138 139 141 143 148 149 150 151 153 156 161 163 164 165 167 168 171 178 180 181 182 183 185 186 188 194 196 197 35
135 137 139 140 143 144 16 146 19 147 149 150 151 22 153 155 158 31 160 36 38 170 175 48 47 49 51 54 186 187 59 189 60 191 63 65 192 195 196 72 74 85 86 87 96 99 100 104 106 108 109 119 122 123 125 127 61
3 11 139 13 141 143 18 20 21 22 151 150 28 31 37 166 39 40 167 44 54 57 59 62 192 65 66 67 68 200 78 82 88 99 100 104 108 109 110 115 116 118 23
2 7 8 9 16 18 27 28 31 32 33 34 36 39 41 43 44 48 51 54 56 57 63 65 66 69 72 74 75 79 80 82 83 87 89 94 95 96 97 99 101 103 105 106 107 111 113 118 120 126 127 134 138 141 144 145 147 150 151 152 153 154 155 157 158 159 164 165 166 167 172 173 175 182 185 189 193 197 72
2 132 135 10 11 19 22 25 154 158 40 42 56 59 194 67 196 70 199 72 83 87 90 125 126 127 3
129 2 3 11 12 151 27 28 157 31 36 37 38 40 169 170 46 48 49 54 55 57 58 59 188 187 63 64 65 191 194 68 192 198 71 73 83 85 86 87 97 100 108 109 110 111 112 124 125 126 127 10
137 138 139 144 16 150 28 157 30 34 167 40 171 178 184 59 64 192 69 72 74 80 83 86 105 108 94
